0.00000 5.75607 0.86886 
1.00000 4.72576 0.78304 
2.00000 9.13411 0.70648 
3.00000 6.40172 0.63875 
4.00000 9.28306 0.57940 
5.00000 11.21130 0.52800 
6.00000 10.10436 0.48416 
7.00000 9.08755 0.44745 
8.00000 10.94443 0.41745 
9.00000 10.07025 0.39370 
10.00000 13.34432 0.37566 
11.00000 9.05612 0.36272 
12.00000 9.38757 0.35412 
13.00000 7.79210 0.34903 
14.00000 4.73376 0.34652 
15.00000 3.00729 0.34568 
16.00000 0.97142 0.34565 
17.00000 3.64808 0.34572 
18.00000 -2.08739 0.34537 
19.00000 -6.69543 0.34429 
20.00000 -3.87902 0.34245 
21.00000 -4.17296 0.34002 
22.00000 -7.74296 0.33738 
23.00000 -3.96159 0.33504 
24.00000 -5.95907 0.33351 
25.00000 -4.06085 0.33318 
26.00000 -4.03490 0.33419 
27.00000 -4.44005 0.33639 
28.00000 -2.45549 0.33927 
29.00000 0.33630 0.34212 
30.00000 0.41611 0.34405 
31.00000 -0.72359 0.34420 
32.00000 4.71529 0.34184 
33.00000 4.63335 0.33653 
34.00000 3.39032 0.32818 
35.00000 6.32970 0.31716 
36.00000 8.17685 0.30430 
37.00000 6.42863 0.29099 
38.00000 6.13470 0.27898 
39.00000 9.14664 0.27022 
40.00000 4.11961 0.26633 
41.00000 6.15463 0.26809 
42.00000 4.92041 0.27503 
43.00000 5.24983 0.28556 
44.00000 7.52085 0.29741 
45.00000 3.08462 0.30818 
46.00000 1.12768 0.31569 
47.00000 0.09035 0.31819 
48.00000 -1.71557 0.31451 
49.00000 -4.87377 0.30406 
50.00000 -4.74786 0.28696 
51.00000 -2.13648 0.26409 
52.00000 -2.31191 0.23738 
53.00000 -7.76388 0.21007 
54.00000 -7.42588 0.18718 
55.00000 -2.47723 0.17508 
56.00000 -5.19273 0.17862 
57.00000 -5.49271 0.19712 
58.00000 -1.77049 0.22504 
59.00000 -7.83439 0.25600 
60.00000 -1.78480 0.28494 
61.00000 -1.89352 0.30822 
62.00000 0.30787 0.32328 
63.00000 -1.93623 0.32839 
64.00000 3.86713 0.32255 
65.00000 3.86831 0.30548 
66.00000 0.90230 0.27760 
67.00000 4.42471 0.24021 
68.00000 7.23722 0.19578 
69.00000 5.41496 0.14925 
70.00000 5.28902 0.11184 
71.00000 4.06385 0.10565 
72.00000 5.68820 0.13823 
73.00000 3.32281 0.18905 
74.00000 6.37007 0.24288 
75.00000 3.87794 0.29256 
76.00000 3.24431 0.33401 
77.00000 1.81290 0.36441 
78.00000 0.80566 0.38179 
79.00000 1.84757 0.38485 
80.00000 -1.93323 0.37300 
81.00000 -0.07462 0.34629 
82.00000 -1.52488 0.30551 
83.00000 -3.67438 0.25218 
84.00000 -4.97021 0.18880 
85.00000 -5.56478 0.11994 
86.00000 -5.64616 0.06212 
87.00000 -9.58339 0.08096 
88.00000 -3.63820 0.15139 
89.00000 -5.58546 0.22625 
90.00000 -2.57913 0.29593 
91.00000 -1.58378 0.35609 
92.00000 -4.03089 0.40360 
93.00000 -1.33920 0.43604 
94.00000 3.76691 0.45167 
95.00000 0.70765 0.44943 
96.00000 3.66090 0.42902 
97.00000 -2.52778 0.39088 
98.00000 6.82709 0.33623 
99.00000 4.39568 0.26702 
